0 0.535914 0.482802 0.629707 0.686441
2 0.195607 0.204885 0.053696 0.025922
2 0.196304 0.230808 0.055091 0.024925
2 0.197350 0.286889 0.050209 0.025424
2 0.196304 0.311067 0.052301 0.022931
2 0.195955 0.335494 0.052999 0.023928
2 0.194561 0.361167 0.050209 0.025424
2 0.197001 0.387587 0.053696 0.026421
2 0.201185 0.419242 0.055091 0.034895
2 0.204324 0.473330 0.051604 0.037388
2 0.200488 0.524925 0.056485 0.030907
2 0.204324 0.584247 0.051604 0.031904
2 0.207462 0.613659 0.045328 0.024925
2 0.205718 0.636590 0.046025 0.023928
2 0.205021 0.660518 0.041841 0.024925
2 0.205718 0.688435 0.041841 0.027916
2 0.206416 0.716102 0.044630 0.026421
2 0.207462 0.743769 0.045328 0.026919
2 0.210251 0.792124 0.045328 0.032901
0 0.514993 0.859920 0.652022 0.050847
1 0.626569 0.869890 0.056485 0.044865
