0 0.295168 0.465997 0.369748 0.777434
0 0.663866 0.458655 0.334034 0.792117
2 0.169643 0.369784 0.127101 0.040958
2 0.164916 0.119784 0.113445 0.038640
2 0.169118 0.447450 0.134454 0.040185
2 0.162290 0.509274 0.133403 0.046368
2 0.167542 0.670402 0.122899 0.040958
2 0.158088 0.774730 0.116597 0.040958
2 0.527836 0.283617 0.135504 0.044822
2 0.518908 0.363215 0.117647 0.043277
2 0.514706 0.479907 0.119748 0.047913
2 0.528887 0.620943 0.114496 0.039413
2 0.512605 0.754637 0.107143 0.031685
1 0.832458 0.895672 0.097689 0.081917
