0 0.534543 0.297607 0.591766 0.323031
0 0.537683 0.648305 0.585485 0.365404
2 0.221214 0.479561 0.039079 0.027916
2 0.223308 0.530409 0.044662 0.031904
2 0.224703 0.595713 0.041870 0.032901
2 0.222261 0.641077 0.042568 0.026919
2 0.224355 0.668245 0.041172 0.025424
2 0.225401 0.694915 0.039079 0.024925
2 0.226099 0.721336 0.039079 0.024925
2 0.227844 0.750748 0.042568 0.027916
2 0.227844 0.781904 0.043964 0.025424
2 0.226797 0.808076 0.037683 0.024925
0 0.509770 0.848953 0.599442 0.043868
1 0.676204 0.866899 0.062805 0.044865
